2.68492509091
2.87438127273
2.75843909091
2.94790454545
2.79953636364
2.62266818182
2.64541818182
2.66580909091
3.27648181818
3.0989
3.75116363636
2.71980909091
3.07122727273
2.22108181818
2.10123636364
1.9609
3.81427272727
2.28006363636
1.77586363636
2.20477272727
2.35960909091
2.72178181818
2.32395454545
2.832
1.66963636364
1.66805454545
2.65293636364
1.43592727273
2.65509090909
2.22348181818
2.51203636364
2.7838
2.82093636364
2.44696363636
2.55753636364
2.06785454545
2.50421818182
1.48658181818
2.41242727273
2.06859090909
2.2297
2.4027
1.85548181818
2.71698181818
1.79509090909
1.97382727273
1.47617272727
2.51782727273
2.50078181818
1.12494545455
